================ 3.WLD =================
00 00 01 00 6C 01 00 00 00 00 02 00:01 00 14 04 01 00 65 01
00 00 08 00 90 00 00 00 00 00 01 00:01 00 17 02
01 00 00 00 60 01 00 00 00 00 01 00:01 00 E7 01
01 00 01 00 1A 00 00 00 00 00 01 00:01 00 FF FF
01 00 03 00 5D 01 00 00 00 00 02 00:00 00 FF FF 01 00 CB 01
01 00 05 00 12 00 00 00 00 00 03 00:01 00 B8 02 01 00 B8 02 01 00 B8 02
01 00 06 00 69 01 00 00 00 00 00 00
01 00 07 00 6F 00 00 00 00 00 02 00:01 00 B8 02 01 00 B8 02
01 00 08 00 29 00 00 00 00 00 00 00
02 00 01 00 25 00 00 00 00 00 00 00
02 00 02 00 A0 00 00 00 00 00 02 00:01 00 0B 02 01 00 EC 02
02 00 03 00 20 00 00 00 00 00 00 00
02 00 04 00 92 00 00 00 00 00 02 00:01 00 B8 02 01 00 B8 02
02 00 05 00 FC 00 00 00 00 00 01 00:01 00 FD 00
 ! ROOM	    FD 00 00 00 00 00 02 00:01 00 FF FF 01 00 FE 00
 ! ROOM	    FE 00 00 00 00 00 02 00:01 00 FF 00 01 00 FF FF
 ! ROOM	    FF 00 00 00 00 00 03 00:01 00 FF FF 00 00 FF FF 01 00 4A 01
 ! ROOM	    4A 01 00 00 00 00 02 00:01 00 47 00 01 00 FF FF
02 00 06 00 76 00 00 00 00 00 03 00:01 00 B8 02 01 00 B8 02 01 00 B8 02
02 00 07 00 8D 00 00 00 00 00 04 00:01 00 8E 00 01 00 83 02 01 00 83 02 01 00 83 02
 ! ROOM	    8E 00 00 00 00 00 02 00:01 00 FF FF 01 00 CA 01
02 00 08 00 01 00 00 00 00 00 00 00
02 00 09 00 A1 00 00 00 00 00 02 00:01 00 A2 00 01 00 14 04
 ! ROOM	    A2 00 00 00 00 00 04 00:00 00 FF FF 01 00 FF FF 01 00 EC 02 00 00 FF FF
03 00 02 00 35 00 00 00 00 00 00 00
03 00 03 00 64 01 00 00 00 00 00 00
03 00 04 00 2E 00 01 00 00 00 04 00 45 01 FF FF ...
			01 00
			05 00:00 00 B8 02 00 00 FF FF 01 00 FF FF 00 00 FF FF 00 00 FF FF
			04 00
					04 00 0D 00 02 00 00 00 01 00 00 00 00 00 00 00 00 00 00 00 00 00 00 00 00 00 00 00 00 00 00 00
					04 00 05 00 05 00 00 00 01 00 00 00 00 00 00 00 00 00 00 00 00 00 00 00 00 00 00 00 00 00 00 00
					FF FF 03 00 0C 00 02 00 01 00 00 00 00 00 00 00 00 00 00 00 00 00 00 00 00 00 00 00 00 00 00 00
					04 00 04 00 09 00 00 00 01 00 00 00 00 00 00 00 00 00 00 00 00 00 00 00 00 00 00 00 00 00 00 00
			06 00:00 00 00 00 00 00 00 00 00 00 00 00
03 00 05 00 67 01 01 00 00 00 0C 00 00 00 00 00 ...
			01 00
			00 00
			03 00
					03 00 0C 00 0C 00 00 00 01 00 00 00 00 00 00 00 00 00 00 00 00 00 00 00 00 00 00 00 00 00 00 00
					04 00 0A 00 00 00 00 00 01 00 00 00 00 00 00 00 00 00 00 00 00 00 00 00 00 00 00 00 00 00 00 00
					04 00 0B 00 0E 00 00 00 01 00 00 00 00 00 00 00 00 00 00 00 00 00 00 00 00 00 00 00 00 00 00 00
			07 00:00 00 00 00 00 00 00 00 00 00 00 00 00 00
04 00 02 00 09 00 00 00 00 00 00 00
04 00 03 00 5A 01 01 00 00 00 FF FF 0C 00 05 00 ...
			01 00
			01 00:01 00 5B 01
			05 00
					11 00 0D 00 00 00 00 00 01 00 00 00 00 00 00 00 00 00 00 00 00 00 00 00 00 00 00 00 00 00 00 00
					11 00 00 00 0C 00 00 00 01 00 00 00 00 00 00 00 00 00 00 00 00 00 00 00 00 00 00 00 00 00 00 00
					FF FF 0B 00 10 00 08 00 01 00 00 00 0B 00 10 00 00 00 00 00 01 00 00 00 00 00 00 00 00 00 00 00
					06 00 11 00 05 00 00 00 01 00 00 00 00 00 00 00 00 00 00 00 00 00 00 00 00 00 00 00 00 00 00 00
					11 00 00 00 02 00 00 00 01 00 00 00 00 00 00 00 00 00 00 00 00 00 00 00 00 00 00 00 00 00 00 00
			00 00
 ! ROOM	    5B 01 01 00 02 00 04 00 00 00 00 00 ...
			01 00
			02 00:01 00 5A 01 01 00 C2 01
			00 00
			0B 00:00 00 00 00 00 00 00 00 00 00 00 00 01 00 00 00 00 00 00 00 00 00
04 00 04 00 17 00 01 00 00 00 FF FF B2 98 7F 15 ...

[...]
[...]
[...]

05 00 05 00 78 00 01 00 00 00 FF FF 07 00 0E 00 ...			(TOTAL BYTES INCL.ROOMS: 3698)
			01 00
			03 00:01 00 6B 00 01 00 6C 00 01 00 4D 01
			00 00
			2D 00:00 00 00 00 00 00 00 00 00 00 00 00 00 00 00 00 00 00 00 00 00 00 00 00 00 00 00 00 00 00 00 00 00 00 00 00 00 00 00 00 00 00 00 00 00 00 00 00 00 00 00 00 01 00 00 00 00 00 00 00 00 00 00 00 00 00 00 00 00 00 00 00 00 00 00 00 00 00 00 00 00 00 00 00 00 00 00 00 00 00
 ! ROOM	    6B 00 01 00 00 00 FF FF 00 00 00 00 ...
			00 00
			02 00:01 00 FF FF 00 00 FF FF
			00 00
			11 00:00 00 00 00 00 00 00 00 00 00 00 00 00 00 00 00 00 00 00 00 00 00 00 00 00 00 00 00 00 00 00 00 00 00
 ! ROOM	    6C 00 01 00 00 00 FF FF 4C 4C 4C 4C ...
			00 00
			02 00:01 00 FF FF 00 00 FF FF
			00 00
			14 00:00 00 00 00 00 00 00 00 00 00 00 00 00 00 00 00 00 00 00 00 00 00 00 00 00 00 00 00 00 00 00 00 00 00 00 00 00 00 00 00
 ! ROOM	    4D 01 01 00 00 00 0A 00 DF DF DE D7 ...
			01 00
			02 00:01 00 78 00 00 00 C1 01
			00 00
			06 00:00 00 00 00 00 00 00 00 00 00 01 00	<-------------- (END OF ROOMS)
05 00 06 00 2D 00 00 00 00 00 02 00:01 00 FF FF 01 00 FF FF
05 00 07 00 18 00 00 00 00 00 00 00
05 00 08 00 5D 00 00 00 00 00 04 00:01 00 29 01 01 00 14 02 01 00 3B 04 01 00 3B 04 29 01 00 00 00 00 03 00 01 00 F6 03 00 00 FF FF 01 00 FF FF
06 00 02 00 8C 00 00 00 00 00 07 00:00 00 FF FF 00 00 FF FF 00 00 FF FF 00 00 FF FF 00 00 FF FF 01 00 15 02 00 00 FF FF
06 00 03 00 47 01 01 00 00 00 0A 00 4C 4C 4C 4C ...
			01 00
			02 00:00 00 B8 02 00 00 B8 02
			02 00
					03 00 06 00 0B 00 00 00 01 00 00 00 00 00 00 00 00 00 00 00 00 00 00 00 00 00 00 00 00 00 00 00
					03 00 0E 00 06 00 00 00 01 00 00 00 00 00 00 00 00 00 00 00 00 00 00 00 00 00 00 00 00 00 00 00
			06 00:00 00 00 00 00 00 00 00 00 00 00 00
06 00 04 00 4E 00 01 00 00 00 FF FF 49 49 49 4A ...
			01 00
			05 00:00 00 FF FF 00 00 FF FF 00 00 FF FF 00 00 09 02 00 00 FF FF
			0B 00
					FF FF 0C 00 05 00 04 00 01 00 00 00 0C 00 04 00 00 00 00 00 00 00 00 00 00 00 00 00 00 00 00 00
					FF FF 0C 00 05 00 04 00 01 00 00 00 0C 00 05 00 00 00 00 00 00 00 00 00 00 00 00 00 00 00 00 00
					FF FF 0B 00 04 00 04 00 01 00 00 00 0C 00 05 00 00 00 00 00 00 00 00 00 00 00 00 00 00 00 00 00
					06 00 00 00 08 00 00 00 01 00 00 00 00 00 00 00 00 00 00 00 00 00 00 00 00 00 00 00 00 00 00 00
					FF FF 0B 00 01 00 08 00 01 00 00 00 0B 00 01 00 00 00 00 00 00 00 00 00 00 00 00 00 00 00 00 00
					0A 00 03 00 06 00 00 00 01 00 00 00 03 00 06 00 00 00 00 00 00 00 00 00 00 00 00 00 00 00 00 00
					FF FF 0F 00 07 00 08 00 01 00 00 00 0F 00 07 00 00 00 00 00 00 00 00 00 00 00 00 00 00 00 00 00
					FF FF 0F 00 09 00 08 00 01 00 00 00 0F 00 09 00 00 00 00 00 00 00 00 00 00 00 00 00 00 00 00 00
					FF FF 03 00 0F 00 08 00 01 00 00 00 03 00 0F 00 00 00 00 00 00 00 00 00 00 00 00 00 00 00 00 00
					FF FF 0F 00 0F 00 08 00 01 00 00 00 0F 00 0F 00 00 00 00 00 00 00 00 00 00 00 00 00 00 00 00 00
					FF FF 0C 00 05 00 0A 00 01 00 00 00 0C 00 05 00 00 00 00 00 01 00 00 00 00 00 00 00 00 00 00 00
			01 00:01 00
07 00 02 00 CF 00 00 00 00 00 02 00:01 00 B8 02 01 00 B8 02
07 00 03 00 24 00 01 00 00 00 FF FF 69 01 FF FF ...
			01 00
			00 00
			04 00
					07 00 05 00 03 00 00 00 01 00 00 00 06 00 03 00 00 00 00 00 00 00 00 00 00 00 00 00 00 00 00 00
					07 00 11 00 06 00 00 00 01 00 00 00 10 00 06 00 00 00 00 00 00 00 00 00 00 00 00 00 00 00 00 00
					07 00 06 00 07 00 00 00 01 00 00 00 00 00 00 00 00 00 00 00 00 00 00 00 00 00 00 00 00 00 00 00
					07 00 05 00 0C 00 00 00 01 00 00 00 00 00 00 00 00 00 00 00 00 00 00 00 00 00 00 00 00 00 00 00
			00 00
08 00 02 00 88 00 00 00 00 00 02 00:01 00 B8 02 01 00 B8 02
08 00 03 00 15 00 00 00 00 00 01 00:01 00 FF FF
09 00 02 00 54 00 00 00 00 00 06 00:01 00 BE 02 01 00 FF FF 01 00 FF FF 01 00 FF FF 01 00 FF FF 01 00 57 01
 ! ROOM	    57 01 00 00 00 00 04 00:00 00 FF FF 01 00 BA 01 01 00 FF FF 00 00 FF FF
FF FF FF FF
04 00 : BB 01, C1 01, 09 02, C2 01 (INVENTORY)
4E 01 (CURRENT ZONE ID)
05 00
04 00
02 00 (SEL. ITEM)
E0 00 (HERO X)
00 01 (HERO Y)
3C 00
02 00
32 00
D4 FE FF FF (GAME TIMER)
0E 00
02 00
64 00

================ 4.WLD =================

[...]
04 00 05 00 78 00 01 00 00 00 FF FF 07 00 0E 00 ...
			01 00
			03 00:01 00 6B 00 01 00 6C 00 01 00 4D 01
			00 00
			2D 00: (...)
 ! ROOM	    6B 00 01 00 00 00 FF FF 4C 4C 4C 4C ...
 ! ROOM	    6C 00 01 00 00 00 FF FF 00 00 00 00 ...
 ! ROOM	    4D 01 01 00 00 00 09 00 DF DF DE D7 ...
			01 00
			02 00:01 00 78 00 00 00 C1 01
			00 00
			06 00:00 00 00 00 00 00 00 00 00 00 01 00
04 00 06 00 64 01 00 00 00 00 00 00
05 00 01 00 32 00 00 00 00 00 03 00:01 00 B8 02 01 00 B8 02 01 00 B8 02
05 00 02 00 51 00 00 00 00 00 01 00:01 00 16 02
05 00 03 00 20 00 00 00 00 00 00 00
05 00 04 00 10 00 00 00 00 00 00 00
05 00 05 00 68 01 00 00 00 00 00 00
05 00 06 00 1A 00 00 00 00 00 01 00:01 00 FF FF
05 00 07 00 53 00 00 00 00 00 01 00:01 00 FF FF
05 00 08 00 06 00 00 00 00 00 03 00:01 00 B8 02 01 00 B8 02 01 00 FF FF
05 00 09 00 13 00 00 00 00 00 01 00:01 00 17 02 06 00 01 00 E4 00 00 00 00 00 02 00 01 00 E5 00 01 00 FF FF
06 00 02 00 88 00 00 00 00 00 02 00:01 00 B8 02 01 00 B8 02
06 00 03 00 52 00 00 00 00 00 01 00:01 00 BA 01
06 00 04 00 8B 00 00 00 00 00 01 00:01 00 B8 02
06 00 05 00 77 00 00 00 00 00 01 00:01 00 3F 04
06 00 06 00 91 00 00 00 00 00 02 00:01 00 B8 02 01 00 B8 02
07 00 00 00 66 01 00 00 00 00 00 00
07 00 01 00 A9 00 00 00 00 00 02 00:01 00 B8 02 01 00 B8 02
07 00 02 00 C8 00 00 00 00 00 02 00:01 00 C9 00 01 00 FF FF
08 00 01 00 29 00 00 00 00 00 00 00
08 00 02 00 37 00 00 00 00 00 01 00:01 00 FF FF
08 00 03 00 06 01 00 00 00 00 01 00:01 00 35 01
 ! ROOM	    35 01 00 00 00 00 02 00:01 00 FF FF 01 00 07 01
 ! ROOM	    07 01 00 00 00 00 02 00:01 00 08 01 01 00 FF FF
 ! ROOM	    08 01 00 00 00 00 02 00:01 00 FF FF 01 00 C3 01
08 00 04 00 2F 00 00 00 00 00 00 00
08 00 05 00 87 00 00 00 00 00 01 00:01 00 C7 01
08 00 06 00 65 01 00 00 00 00 00 00
09 00 01 00 67 00 00 00 00 00 03 00:01 00 ED 00 01 00 15 04 01 00 04 02
 ! ROOM	    ED 00 00 00 00 00 04 00:01 00 FF FF 01 00 63 04 01 00 63 04 01 00 63 04
09 00 02 00 47 01 00 00 00 00 02 00:01 00 B8 02 01 00 B8 02
FF FF FF FF
02 00 : B6 01, C1 01
4D 01 (CURRENT ZONE ID)
05 00
04 00
01 00 (SEL. ITEM)
A0 00 (HERO X)
80 00 (HERO Y)
01 00
01 00
32 00
29 08 00 00 (GAME TIMER)
10 00
00 00
00 00


